<?xml version="1.0" encoding="UTF-8" standalone="no" ?>
<SimscapeMultibodyImportXML version="2.0" xmlns="urn:mathworks:SimscapeMultibody:import" xmlns:xsi="http://www.w3.org/2001/XMLSchema-instance">
<Created by="" on="11/29/17||14:49:53" using="Simscape Multibody Link Version 5.1" from="SolidWorks 25.2.0"/>
<ModelUnits mass="kilogram" length="millimeter"/>
<DataUnits mass="kilogram" length="meter"/>
<RootAssembly name="Tarot TL8X000 Octocopter" uid="Tarot TL8X000 Octocopter" version="640">
<AssemblyFile name="Tarot TL8X000 Octocopter.SLDASM" type="SolidWorks Assembly"/>
<InstanceTree>
<Instance name="Tarot Hub Strut-1" uid="Tarot Hub Strut-1" entityUid="Tarot Hub Strut*:*Default">
<Transform>
<Rotation>0.85813439257048851 0 -0.51342513016766012 0 1 0 0.51342513016766012 0 0.85813439257048851</Rotation>
<Translation>0.025868045175189681 0.16555269146411034 0.19295411600782131</Translation>
</Transform>
</Instance>
<Instance name="Tarot Hub Top Plate-1" uid="Tarot Hub Top Plate-1" grounded="true" entityUid="Tarot Hub Top Plate*:*Default">
<Transform>
<Rotation>1 0 0 0 1 0 0 0 1</Rotation>
<Translation>0.056253109704978821 0.18330269146411032 0.26631015088921706</Translation>
</Transform>
</Instance>
<Instance name="Tarot Hub Top Plate Clip-1" uid="Tarot Hub Top Plate Clip-1" entityUid="Tarot Hub Top Plate Clip*:*Default">
<Transform>
<Rotation>0.92358651358053101 0 0.38339007803040448 0 1 0 -0.38339007803040448 0 0.92358651358053101</Rotation>
<Translation>0.012263594415956938 0.19255269146411033 0.16005609313928879</Translation>
</Transform>
</Instance>
<Instance name="Tarot Hub Top Plate Clip Lock-1" uid="Tarot Hub Top Plate Clip Lock-1" entityUid="Tarot Hub Top Plate Clip Lock*:*Default">
<Transform>
<Rotation>-0.92200128684126015 0 -0.38718681158203233 0 1 0 0.38718681158203233 0 -0.92200128684126015</Rotation>
<Translation>0.00083016705715600566 0.18005269146411032 0.13254295873993102</Translation>
</Transform>
</Instance>
<Instance name="Tarot Hub Top Plate Clip Screw-1" uid="Tarot Hub Top Plate Clip Screw-1" entityUid="Tarot Hub Top Plate Clip Screw*:*Default">
<Transform>
<Rotation>-0.99843476144052412 0 -0.055928768511419993 0 1 0 0.055928768511419993 0 -0.99843476144052412</Rotation>
<Translation>0.0019120623091360754 0.18480269146411032 0.13511925727261434</Translation>
</Transform>
</Instance>
<Instance name="Tarot Hub Top Plate Clip Lock-2" uid="Tarot Hub Top Plate Clip Lock-2" entityUid="Tarot Hub Top Plate Clip Lock*:*Default">
<Transform>
<Rotation>-0.3781709421325235 0 -0.92573578224383202 0 1 0 0.92573578224383202 0 -0.3781709421325235</Rotation>
<Translation>-0.077524517543653956 0.18005269146411032 0.21091240079976184</Translation>
</Transform>
</Instance>
<Instance name="Tarot Hub Top Plate Clip Lock-3" uid="Tarot Hub Top Plate Clip Lock-3" entityUid="Tarot Hub Top Plate Clip Lock*:*Default">
<Transform>
<Rotation>0.38718681158203555 0 -0.92200128684125882 0 1 0 0.92200128684125882 0 0.38718681158203555</Rotation>
<Translation>-0.077514082444306992 0.18005269146411032 0.32173309353704033</Translation>
</Transform>
</Instance>
<Instance name="Tarot Hub Top Plate Clip Lock-4" uid="Tarot Hub Top Plate Clip Lock-4" entityUid="Tarot Hub Top Plate Clip Lock*:*Default">
<Transform>
<Rotation>0.92573578224383324 0 -0.37817094213252023 0 1 0 0.37817094213252023 0 0.92573578224383324</Rotation>
<Translation>0.00085535961552410389 0.18005269146411032 0.40008777813785001</Translation>
</Transform>
</Instance>
<Instance name="Tarot Hub Top Plate Clip Lock-5" uid="Tarot Hub Top Plate Clip Lock-5" entityUid="Tarot Hub Top Plate Clip Lock*:*Default">
<Transform>
<Rotation>0.92200128684125748 0 0.38718681158203877 0 1 0 -0.38718681158203877 0 0.92200128684125748</Rotation>
<Translation>0.11167605235280258 0.18005269146411032 0.40007734303850262</Translation>
</Transform>
</Instance>
<Instance name="Tarot Hub Top Plate Clip-3" uid="Tarot Hub Top Plate Clip-3" entityUid="Tarot Hub Top Plate Clip*:*Default">
<Transform>
<Rotation>-0.3833900780304077 0 0.92358651358052968 0 1 0 -0.92358651358052968 0 -0.3833900780304077</Rotation>
<Translation>-0.050000948044949284 0.19255269146411033 0.31029966617823934</Translation>
</Transform>
</Instance>
<Instance name="Tarot Hub Top Plate Clip Lock-7" uid="Tarot Hub Top Plate Clip Lock-7" entityUid="Tarot Hub Top Plate Clip Lock*:*Default">
<Transform>
<Rotation>-0.38718681158204199 0 0.92200128684125604 0 1 0 -0.92200128684125604 0 -0.38718681158204199</Rotation>
<Translation>0.19002030185426425 0.18005269146411032 0.21088720824139284</Translation>
</Transform>
</Instance>
<Instance name="Tarot Hub Top Plate Clip Lock-6" uid="Tarot Hub Top Plate Clip Lock-6" entityUid="Tarot Hub Top Plate Clip Lock*:*Default">
<Transform>
<Rotation>0.37817094213251695 0 0.92573578224383457 0 1 0 -0.92573578224383457 0 0.37817094213251695</Rotation>
<Translation>0.19003073695361197 0.18005269146411032 0.32170790097867136</Translation>
</Transform>
</Instance>
<Instance name="Tarot Hub Top Plate Clip Screw-3" uid="Tarot Hub Top Plate Clip Screw-3" entityUid="Tarot Hub Top Plate Clip Screw*:*Default">
<Transform>
<Rotation>0.055928768511423477 0 -0.9984347614405239 0 1 0 0.9984347614405239 0 0.055928768511423477</Rotation>
<Translation>-0.074937783911623673 0.18480269146411032 0.32065119828506028</Translation>
</Transform>
</Instance>
<Instance name="Tarot Hub Top Plate Clip Screw-2" uid="Tarot Hub Top Plate Clip Screw-2" entityUid="Tarot Hub Top Plate Clip Screw*:*Default">
<Transform>
<Rotation>-0.66645237890912845 0 -0.7455476018648064 0 1 0 0.7455476018648064 0 -0.66645237890912845</Rotation>
<Translation>-0.074937783911623979 0.18480269146411032 0.21196910349337453</Translation>
</Transform>
</Instance>
<Instance name="Tarot Hub Top Plate Clip Screw-4" uid="Tarot Hub Top Plate Clip Screw-4" entityUid="Tarot Hub Top Plate Clip Screw*:*Default">
<Transform>
<Rotation>0.74554760186480862 0 -0.66645237890912579 0 1 0 0.66645237890912579 0 0.74554760186480862</Rotation>
<Translation>0.0019120623091367778 0.18480269146411032 0.39750104450582008</Translation>
</Transform>
</Instance>
<Instance name="Tarot Hub Top Plate Clip Screw-5" uid="Tarot Hub Top Plate Clip Screw-5" entityUid="Tarot Hub Top Plate Clip Screw*:*Default">
<Transform>
<Rotation>0.99843476144052368 0 0.055928768511426967 0 1 0 -0.055928768511426967 0 0.99843476144052368</Rotation>
<Translation>0.11059415710082249 0.18480269146411032 0.39750104450581936</Translation>
</Transform>
</Instance>
<Instance name="Tarot Hub Top Plate Clip Screw-7" uid="Tarot Hub Top Plate Clip Screw-7" entityUid="Tarot Hub Top Plate Clip Screw*:*Default">
<Transform>
<Rotation>-0.05592876851143045 0 0.99843476144052357 0 1 0 -0.99843476144052357 0 -0.05592876851143045</Rotation>
<Translation>0.18744400332158095 0.18480269146411032 0.21196910349337295</Translation>
</Transform>
</Instance>
<Instance name="Tarot Hub Top Plate Clip Screw-8" uid="Tarot Hub Top Plate Clip Screw-8" entityUid="Tarot Hub Top Plate Clip Screw*:*Default">
<Transform>
<Rotation>-0.74554760186481328 0 0.66645237890912057 0 1 0 -0.66645237890912057 0 -0.74554760186481328</Rotation>
<Translation>0.11059415710081996 0.18480269146411032 0.1351192572726137</Translation>
</Transform>
</Instance>
<Instance name="Tarot Hub Top Plate Clip Lock-8" uid="Tarot Hub Top Plate Clip Lock-8" entityUid="Tarot Hub Top Plate Clip Lock*:*Default">
<Transform>
<Rotation>-0.9257357822438359 0 0.37817094213251379 0 1 0 -0.37817094213251379 0 -0.9257357822438359</Rotation>
<Translation>0.11165085979443262 0.18005269146411032 0.13253252364058371</Translation>
</Transform>
</Instance>
<Instance name="Tarot Hub Top Plate Clip Screw-6" uid="Tarot Hub Top Plate Clip Screw-6" entityUid="Tarot Hub Top Plate Clip Screw*:*Default">
<Transform>
<Rotation>0.66645237890912323 0 0.74554760186481095 0 1 0 -0.74554760186481095 0 0.66645237890912323</Rotation>
<Translation>0.18744400332158201 0.18480269146411032 0.32065119828505873</Translation>
</Transform>
</Instance>
<Instance name="Tarot Hub Top Plate Clip-2" uid="Tarot Hub Top Plate Clip-2" entityUid="Tarot Hub Top Plate Clip*:*Default">
<Transform>
<Rotation>0.38197656275029462 0 0.92417201078017419 0 1 0 -0.92417201078017419 0 0.38197656275029462</Rotation>
<Translation>-0.049985139620559255 0.19255269146411033 0.2222824706876326</Translation>
</Transform>
</Instance>
<Instance name="Tarot Hub Top Plate Clip-6" uid="Tarot Hub Top Plate Clip-6" entityUid="Tarot Hub Top Plate Clip*:*Default">
<Transform>
<Rotation>-0.38197656275028818 0 -0.92417201078017674 0 1 0 0.92417201078017674 0 -0.38197656275028818</Rotation>
<Translation>0.1624913590305172 0.19255269146411033 0.31033783109080082</Translation>
</Transform>
</Instance>
<Instance name="Tarot Hub Strut-2" uid="Tarot Hub Strut-2" entityUid="Tarot Hub Strut*:*Default">
<Transform>
<Rotation>0.96983903932912929 0 0.24374625698285474 0 1 0 -0.24374625698285474 0 0.96983903932912929</Rotation>
<Translation>-0.017102925176417816 0.16555269146411034 0.23592508635943005</Translation>
</Transform>
</Instance>
<Instance name="Tarot Hub Strut-5" uid="Tarot Hub Strut-5" entityUid="Tarot Hub Strut*:*Default">
<Transform>
<Rotation>-0.85813439257049207 0 0.51342513016765412 0 1 0 -0.51342513016765412 0 -0.85813439257049207</Rotation>
<Translation>0.086638174234768467 0.16555269146411034 0.33966618577061258</Translation>
</Transform>
</Instance>
<Instance name="Tarot Hub Strut-8" uid="Tarot Hub Strut-8" entityUid="Tarot Hub Strut*:*Default">
<Transform>
<Rotation>0.24374625698286473 0 -0.96983903932912663 0 1 0 0.96983903932912663 0 0.24374625698286473</Rotation>
<Translation>0.086638174234765039 0.16555269146411034 0.19295411600782011</Translation>
</Transform>
</Instance>
<Instance name="Tarot Hub Top Plate Clip-5" uid="Tarot Hub Top Plate Clip-5" entityUid="Tarot Hub Top Plate Clip*:*Default">
<Transform>
<Rotation>-0.92358651358052835 0 -0.38339007803041092 0 1 0 0.38339007803041092 0 -0.92358651358052835</Rotation>
<Translation>0.10024262499400144 0.19255269146411033 0.37256420863914497</Translation>
</Transform>
</Instance>
<Instance name="Tarot Hub Strut-7" uid="Tarot Hub Strut-7" entityUid="Tarot Hub Strut*:*Default">
<Transform>
<Rotation>-0.51342513016765112 0 -0.85813439257049384 0 1 0 0.85813439257049384 0 -0.51342513016765112</Rotation>
<Translation>0.12960914458637424 0.16555269146411034 0.23592508635942716</Translation>
</Transform>
</Instance>
<Instance name="Tarot Hub Strut-4" uid="Tarot Hub Strut-4" entityUid="Tarot Hub Strut*:*Default">
<Transform>
<Rotation>-0.24374625698285801 0 0.96983903932912829 0 1 0 -0.96983903932912829 0 -0.24374625698285801</Rotation>
<Translation>0.025868045175192089 0.16555269146411034 0.3396661857706138</Translation>
</Transform>
</Instance>
<Instance name="Tarot Hub Top Plate Clip-4" uid="Tarot Hub Top Plate Clip-4" entityUid="Tarot Hub Top Plate Clip*:*Default">
<Transform>
<Rotation>-0.92417201078017541 0 0.38197656275029135 0 1 0 -0.38197656275029135 0 -0.92417201078017541</Rotation>
<Translation>0.012225429503394766 0.19255269146411033 0.37254840021475533</Translation>
</Transform>
</Instance>
<Instance name="Tarot Hub Top Plate Clip-8" uid="Tarot Hub Top Plate Clip-8" entityUid="Tarot Hub Top Plate Clip*:*Default">
<Transform>
<Rotation>0.92417201078017808 0 -0.38197656275028502 0 1 0 0.38197656275028502 0 0.92417201078017808</Rotation>
<Translation>0.10028078990656215 0.19255269146411033 0.16007190156367854</Translation>
</Transform>
</Instance>
<Instance name="Tarot Hub Strut-6" uid="Tarot Hub Strut-6" entityUid="Tarot Hub Strut*:*Default">
<Transform>
<Rotation>-0.96983903932912741 0 -0.2437462569828614 0 1 0 0.2437462569828614 0 -0.96983903932912741</Rotation>
<Translation>0.12960914458637565 0.16555269146411034 0.29669521541900357</Translation>
</Transform>
</Instance>
<Instance name="Tarot Hub Top Plate Clip-7" uid="Tarot Hub Top Plate Clip-7" entityUid="Tarot Hub Top Plate Clip*:*Default">
<Transform>
<Rotation>0.38339007803041414 0 -0.92358651358052701 0 1 0 0.92358651358052701 0 0.38339007803041414</Rotation>
<Translation>0.16250716745490662 0.19255269146411033 0.22232063560019408</Translation>
</Transform>
</Instance>
<Instance name="Tarot Hub Strut-3" uid="Tarot Hub Strut-3" entityUid="Tarot Hub Strut*:*Default">
<Transform>
<Rotation>0.51342513016765712 0 0.85813439257049029 0 1 0 -0.85813439257049029 0 0.51342513016765712</Rotation>
<Translation>-0.017102925176416789 0.16555269146411034 0.29669521541900645</Translation>
</Transform>
</Instance>
<Instance name="Tarot Landing Gear-1" uid="Tarot Landing Gear-1" entityUid="Tarot Landing Gear" rigid="true">
<Transform>
<Rotation>0 -1.1102230246251568e-16 1 0 1 0 -1 0 0</Rotation>
<Translation>-0.0033673679800012546 0.08374458533696906 0.15733110136120299</Translation>
</Transform>
<Instance name="Tarot Landing Gear Hub Mount-1" uid="Tarot Landing Gear Hub Mount-1" grounded="true" entityUid="Tarot Landing Gear Hub Mount*:*Default">
<Transform>
<Rotation>1 0 0 0 1 0 0 0 1</Rotation>
<Translation>0.010331098000734368 0.049933106127141288 0.058897340458124663</Translation>
</Transform>
</Instance>
<Instance name="Tarot Landing Gear Foot Endcap (RED)-1" uid="Tarot Landing Gear Foot Endcap (RED)-1" entityUid="Tarot Landing Gear Foot Endcap (RED)*:*Default">
<Transform>
<Rotation>0.79689389247220443 -0.60411929628219863 0 -0.60411929628219874 -0.79689389247220432 1.1102230246251565e-16 0 0 -0.99999999999999989</Rotation>
<Translation>0.15436965341342512 -0.32472725236904459 0.25482234045812457</Translation>
</Transform>
</Instance>
<Instance name="Tarot Landing Gear Ankle Joint Nut-2" uid="Tarot Landing Gear Ankle Joint Nut-2" entityUid="Tarot Landing Gear Ankle Joint Nut*:*Default">
<Transform>
<Rotation>-0.29062202639336193 -0.94201120854974774 -0.1677907051706376 0.81580563725376776 -0.33558141034128186 0.47100560427486426 -0.49999999999999001 0 0.86602540378444448</Rotation>
<Translation>0.16176307285574909 -0.31121245126248509 0.06114734045812336</Translation>
</Transform>
</Instance>
<Instance name="Tarot Landing Gear Mount Bolt-1" uid="Tarot Landing Gear Mount Bolt-1" entityUid="Tarot Landing Gear Mount Bolt*:*Default">
<Transform>
<Rotation>0.95145078455950249 0.30780091708945106 0 -0.30780091708945106 0.95145078455950249 0 0 -1.0563225678156293e-16 1</Rotation>
<Translation>0.026616631906667104 0.045808106127141243 0.058897340458124663</Translation>
</Transform>
</Instance>
<Instance name="Tarot Landing Gear Ankle Joint Bottom Screw-1" uid="Tarot Landing Gear Ankle Joint Bottom Screw-1" entityUid="Tarot Landing Gear Ankle Joint Bottom Screw*:*Default">
<Transform>
<Rotation>0.28973430670372874 -0.94201120854974763 -0.16931897260954987 -0.81331371764226545 -0.33558141034128197 0.47529560667891019 -0.50455408849183514 -1.9255784588784282e-16 -0.86338008535416966</Rotation>
<Translation>0.13774178703773063 -0.31976977722618782 0.061147340458123367</Translation>
</Transform>
</Instance>
<Instance name="Tarot Landing Gear Foot-1" uid="Tarot Landing Gear Foot-1" entityUid="Tarot Landing Gear Foot*:*Default">
<Transform>
<Rotation>-0.73566415964389742 0.67734647280061788 0 0.67734647280061788 0.73566415964389742 2.0411172966947661e-16 0 0 -1</Rotation>
<Translation>0.15436965341342512 -0.32472725236904448 0.063159840458124492</Translation>
</Transform>
</Instance>
<Instance name="Tarot Landing Gear Ankle Joint-1" uid="Tarot Landing Gear Ankle Joint-1" entityUid="Tarot Landing Gear Ankle Joint*:*Default">
<Transform>
<Rotation>0 -0.33558141034128158 0.94201120854974774 1.9936962899105868e-16 0.94201120854974774 0.33558141034128158 -1 0 0</Rotation>
<Translation>0.14262430405148024 -0.29175686006980345 0.061147340458124637</Translation>
</Transform>
</Instance>
<Instance name="Tarot Landing Gear Foot Endcap (BLACK)-1" uid="Tarot Landing Gear Foot Endcap (BLACK)-1" entityUid="Tarot Landing Gear Foot Endcap (BLACK)*:*Default">
<Transform>
<Rotation>-0.4689818598842026 0.88320779836885177 0 -0.88320779836885166 -0.46898185988420271 -1.1102230246251568e-16 0 0 1</Rotation>
<Translation>0.15436965341342515 -0.32472725236904448 -0.12850265954187554</Translation>
</Transform>
</Instance>
<Instance name="Tarot Landing Gear Leg Mount-1" uid="Tarot Landing Gear Leg Mount-1" entityUid="Tarot Landing Gear Leg Mount*:*Default">
<Transform>
<Rotation>-0.33558141034128158 0.94201120854974774 0 0.94201120854974774 0.33558141034128158 1.110221295600688e-16 -1.0458420445461237e-16 0 -0.99999999999999978</Rotation>
<Translation>0.041641146051579925 -0.0082868471930098303 0.061147340458124665</Translation>
</Transform>
</Instance>
<Instance name="Tarot Landing Gear Ankle Joint Nut-1" uid="Tarot Landing Gear Ankle Joint Nut-1" entityUid="Tarot Landing Gear Ankle Joint Nut*:*Default">
<Transform>
<Rotation>-0.29062202639336177 -0.94201120854974763 -0.16779070517063788 0.81580563725376709 -0.33558141034128186 0.47100560427486515 -0.49999999999999101 0 0.8660254037844437</Rotation>
<Translation>0.1573477459234881 -0.29136842160414056 0.061147340458124637</Translation>
</Transform>
</Instance>
<Instance name="Tarot Landing Gear Ankle Joint Top Screw-1" uid="Tarot Landing Gear Ankle Joint Top Screw-1" entityUid="Tarot Landing Gear Ankle Joint Top Screw*:*Default">
<Transform>
<Rotation>0.016901141082735036 -0.94201120854974785 0.33515553761909583 -0.047443224942125564 -0.33558141034128169 -0.94081574042978655 0.99873094066279555 0 -0.050363758426150207</Rotation>
<Translation>0.12861640406272085 -0.30160365461954958 0.061147340458124637</Translation>
</Transform>
</Instance>
<Instance name="Tarot Landing Gear Leg-1" uid="Tarot Landing Gear Leg-1" entityUid="Tarot Landing Gear Leg*:*Default">
<Transform>
<Rotation>0.94201120854974774 -0.33558141034128158 0 0.33558141034128158 0.94201120854974774 -1.4067660349644055e-16 0 0 0.99999999999999978</Rotation>
<Translation>0.031070331625827952 0.021386505876308554 0.061147340458124554</Translation>
</Transform>
</Instance>
</Instance>
<Instance name="Tarot Arm-2" uid="Tarot Arm-2" entityUid="Tarot Arm">
<Transform>
<Rotation>0.92387953251128674 -0.030276497621991718 -0.38148387003708517 -9.0032148403196288e-16 -0.99686539257633699 0.079116300998121961 -0.38268343236508956 -0.073093931180166827 -0.92098353287010659</Rotation>
<Translation>-0.13517190588135619 0.36589617731510238 0.26036285715168539</Translation>
</Transform>
<Instance name="Tarot Main Arm-1" uid="Tarot Main Arm-1" grounded="true" entityUid="Tarot Main Arm*:*Default">
<Transform>
<Rotation>1 0 0 0 1 0 0 0 1</Rotation>
<Translation>0.17445272313010707 0.20282703684068021 0.23279228659346113</Translation>
</Transform>
</Instance>
<Instance name="Tarot 1555 folding-1" uid="Tarot 1555 folding-1" entityUid="Tarot 1555 folding" rigid="true">
<Transform>
<Rotation>0.75850556224292198 -3.8510861166685117e-16 0.65166656508259546 -1.2490009027033011e-16 -1 -4.7184478546569153e-16 0.65166656508259535 2.7755575615628914e-16 -0.7585055622429222</Rotation>
<Translation>0.13603628937507656 0.14774696520802844 0.48182254708953748</Translation>
</Transform>
<Instance name="Prop-2" uid="Prop-2" entityUid="Prop*:*Standard">
<Transform>
<Rotation>0.024130113701715417 0 -0.99970882641534309 0 1 0 0.99970882641534331 0 0.024130113701715472</Rotation>
<Translation>-0.024901193325329835 0.00016992836734852634 0.060000000000000081</Translation>
</Transform>
</Instance>
<Instance name="socket head cap screw_iso-3" uid="socket head cap screw_iso-3" entityUid="socket head cap screw_iso*:*ISO 4762 M3 x 10 --- 10N">
<Transform>
<Rotation>0 1 0 -1 0 0 0 0 1.0000000000000002</Rotation>
<Translation>0.023098806674670153 0.0081699283673484779 0.060000000000000053</Translation>
</Transform>
</Instance>
<Instance name="Center_bot-1" uid="Center_bot-1" grounded="true" entityUid="Center_bot*:*Standard">
<Transform>
<Rotation>1 0 0 0 1 0 0 0 1</Rotation>
<Translation>-0.024901193325329835 -0.005830071632651479 0.060000000000000053</Translation>
</Transform>
</Instance>
<Instance name="Prop-1" uid="Prop-1" entityUid="Prop*:*Standard">
<Transform>
<Rotation>-0.020202040938429811 0 0.9997959179462188 0 1 0 -0.99979591794621891 0 -0.020202040938429866</Rotation>
<Translation>0.02309880667467018 0.00016992836734847083 0.060000000000000053</Translation>
</Transform>
</Instance>
<Instance name="Center_top-1" uid="Center_top-1" entityUid="Center_top*:*Standard">
<Transform>
<Rotation>1 0 0 0 1 0 0 0 1</Rotation>
<Translation>-0.024901193325329848 0.0021699283673485281 0.060000000000000026</Translation>
</Transform>
</Instance>
<Instance name="socket head cap screw_iso-2" uid="socket head cap screw_iso-2" entityUid="socket head cap screw_iso*:*ISO 4762 M3 x 10 --- 10N">
<Transform>
<Rotation>0 1 0 -1 0 0 0 0 1.0000000000000002</Rotation>
<Translation>-0.024901193325329848 0.0081699283673485057 0.060000000000000053</Translation>
</Transform>
</Instance>
</Instance>
<Instance name="Tarot Motor Mount-1" uid="Tarot Motor Mount-1" entityUid="Tarot Motor Mount" rigid="true">
<Transform>
<Rotation>0.99999999999999989 1.457167719820518e-16 0 1.457167719820518e-16 -0.99999999999999989 4.9960036108132034e-16 0 -4.9960036108132044e-16 -0.99999999999999978</Rotation>
<Translation>0.1376338399336941 0.25524127788283052 0.49850919953871575</Translation>
</Transform>
<Instance name="Tarot Motor Mount Base-1" uid="Tarot Motor Mount Base-1" grounded="true" entityUid="Tarot Motor Mount Base*:*Default">
<Transform>
<Rotation>1 0 0 0 1 0 0 0 1</Rotation>
<Translation>0.036818883196412938 0.052414241042150492 0.083466912945254657</Translation>
</Transform>
</Instance>
<Instance name="Tarot Motor Mount Bottom Dampener-1" uid="Tarot Motor Mount Bottom Dampener-1" entityUid="Tarot Motor Mount Bottom Dampener*:*Default">
<Transform>
<Rotation>0.9238795325112914 0 0.3826834323650789 0 1 0 -0.38268343236507851 0 0.92387953251129162</Rotation>
<Translation>0.05456888319641294 0.058414241042150497 0.087784263742546054</Translation>
</Transform>
</Instance>
<Instance name="Tarot Motor Mount Bottom Dampener-2" uid="Tarot Motor Mount Bottom Dampener-2" entityUid="Tarot Motor Mount Bottom Dampener*:*Default">
<Transform>
<Rotation>0.92387953251128241 0 -0.38268343236509988 0 1 0 0.38268343236510016 0 0.9238795325112823</Rotation>
<Translation>0.019068883196412909 0.058414241042150469 0.087784263742545943</Translation>
</Transform>
</Instance>
<Instance name="Tarot Motor Mount Bottom Dampener-3" uid="Tarot Motor Mount Bottom Dampener-3" entityUid="Tarot Motor Mount Bottom Dampener*:*Default">
<Transform>
<Rotation>0.92387953251128208 0 -0.38268343236510077 0 1 0 0.38268343236510077 0 0.92387953251128208</Rotation>
<Translation>0.054568883196412871 0.058414241042150497 0.034784263742546062</Translation>
</Transform>
</Instance>
<Instance name="Tarot Motor Mount Top Dampener-2" uid="Tarot Motor Mount Top Dampener-2" entityUid="Tarot Motor Mount Top Dampener*:*Default">
<Transform>
<Rotation>0.92387953251128208 0 -0.38268343236510083 0 1 0 0.38268343236510116 0 0.92387953251128185</Rotation>
<Translation>0.019068883196413228 0.062789241042150487 0.087784263742546165</Translation>
</Transform>
</Instance>
<Instance name="Tarot Motor Mount Screw-3" uid="Tarot Motor Mount Screw-3" entityUid="Tarot Motor Mount Screw*:*Default">
<Transform>
<Rotation>1 0 0 0 1 0 0 0 1</Rotation>
<Translation>0.019068883196413228 0.065164241042150475 0.08778426374254622</Translation>
</Transform>
</Instance>
<Instance name="Tarot Motor Mount Top Dampener-1" uid="Tarot Motor Mount Top Dampener-1" entityUid="Tarot Motor Mount Top Dampener*:*Default">
<Transform>
<Rotation>0.92387953251128185 0 -0.382683432365101 0 1 0 0.38268343236510122 0 0.92387953251128185</Rotation>
<Translation>0.054568883196413245 0.062789241042150459 0.087784263742545998</Translation>
</Transform>
</Instance>
<Instance name="Tarot Motor Mount Top Dampener-3" uid="Tarot Motor Mount Top Dampener-3" entityUid="Tarot Motor Mount Top Dampener*:*Default">
<Transform>
<Rotation>0.9238795325112914 0 0.38268343236507896 0 1 0 -0.38268343236507896 0 0.9238795325112914</Rotation>
<Translation>0.019068883196412881 0.062789241042150459 0.034784263742546229</Translation>
</Transform>
</Instance>
<Instance name="Tarot Motor Mount Screw-1" uid="Tarot Motor Mount Screw-1" entityUid="Tarot Motor Mount Screw*:*Default">
<Transform>
<Rotation>1 0 0 0 1 0 0 0 1</Rotation>
<Translation>0.054568883196412898 0.065164241042150475 0.034784263742546062</Translation>
</Transform>
</Instance>
<Instance name="Tarot Motor Mount Screw-4" uid="Tarot Motor Mount Screw-4" entityUid="Tarot Motor Mount Screw*:*Default">
<Transform>
<Rotation>1 0 0 0 1 0 0 0 1</Rotation>
<Translation>0.054568883196413218 0.065164241042150448 0.087784263742545998</Translation>
</Transform>
</Instance>
<Instance name="Tarot Motor Mount Screw-5" uid="Tarot Motor Mount Screw-5" entityUid="Tarot Motor Mount Screw*:*Default">
<Transform>
<Rotation>1 0 0 0 1 0 0 0 1</Rotation>
<Translation>0.019068883196412922 0.065164241042150475 0.034784263742546173</Translation>
</Transform>
</Instance>
<Instance name="Tarot Motor Mount Top Plate-1" uid="Tarot Motor Mount Top Plate-1" entityUid="Tarot Motor Mount Top Plate*:*Default">
<Transform>
<Rotation>-6.1617377866696204e-15 0 1 0 1 0 -1 0 -6.1617377866696204e-15</Rotation>
<Translation>0.036818883196413243 0.060414241042150499 0.089534263742546111</Translation>
</Transform>
</Instance>
<Instance name="Tarot Motor Mount Top Dampener-4" uid="Tarot Motor Mount Top Dampener-4" entityUid="Tarot Motor Mount Top Dampener*:*Default">
<Transform>
<Rotation>0.9238795325112914 0 0.38268343236507896 0 1 0 -0.38268343236507896 0 0.9238795325112914</Rotation>
<Translation>0.054568883196412885 0.062789241042150487 0.034784263742546062</Translation>
</Transform>
</Instance>
<Instance name="Tarot Motor Mount Bottom Dampener-4" uid="Tarot Motor Mount Bottom Dampener-4" entityUid="Tarot Motor Mount Bottom Dampener*:*Default">
<Transform>
<Rotation>-0.38268343236510055 0 -0.9238795325112823 0 1 0 0.9238795325112823 0 -0.38268343236510055</Rotation>
<Translation>0.019068883196412909 0.058414241042150497 0.034784263742546062</Translation>
</Transform>
</Instance>
</Instance>
<Instance name="Tarot Sunny Sky Motor-1" uid="Tarot Sunny Sky Motor-1" entityUid="Tarot Sunny Sky Motor">
<Transform>
<Rotation>-0.83716910433122216 0 -0.54694413860398883 0 -0.99999999999999989 0 -0.54694413860398861 0 0.83716910433122227</Rotation>
<Translation>0.21149384795933954 0.21454167046505815 0.42064106611633295</Translation>
</Transform>
<Instance name="Tarot Sunny Sky Motor Top-1" uid="Tarot Sunny Sky Motor Top-1" entityUid="Tarot Sunny Sky Motor Top*:*Default">
<Transform>
<Rotation>-0.31138145472130629 -1.1138124764554966e-16 0.95028500443584973 0 1 1.0356618269089064e-16 -0.95028500443584973 0 -0.31138145472130629</Rotation>
<Translation>0.022759651187850477 0.02671463362437751 0.032887175782363387</Translation>
</Transform>
</Instance>
<Instance name="Tarot Sunny Sky Motor Bottom-1" uid="Tarot Sunny Sky Motor Bottom-1" grounded="true" entityUid="Tarot Sunny Sky Motor Bottom*:*Default">
<Transform>
<Rotation>1 0 0 0 1 0 0 0 1</Rotation>
<Translation>0.022759651187856444 0.026714633624377981 0.032887175782364997</Translation>
</Transform>
</Instance>
</Instance>
</Instance>
<Instance name="Tarot Hub Bottom Plate-1" uid="Tarot Hub Bottom Plate-1" entityUid="Tarot Hub Bottom Plate*:*Default">
<Transform>
<Rotation>1 0 0 0 1 0 0 0 1</Rotation>
<Translation>0.056279972478123406 0.14780269146411035 0.2663750033604686</Translation>
</Transform>
</Instance>
<Instance name="Tarot Hub Arm Mount-3" uid="Tarot Hub Arm Mount-3" entityUid="Tarot Hub Arm Mount*:*Default">
<Transform>
<Rotation>-0.38268343236508751 0 -0.92387953251128785 0 -1 0 -0.92387953251128785 0 0.38268343236508751</Rotation>
<Translation>-0.013600926939506597 0.16555269146411034 0.12445212901556173</Translation>
</Transform>
</Instance>
<Instance name="Tarot Hub Arm Mount-11" uid="Tarot Hub Arm Mount-11" entityUid="Tarot Hub Arm Mount*:*Default">
<Transform>
<Rotation>-0.38268343236509134 0 -0.92387953251128629 0 -1 0 -0.92387953251128629 0 0.38268343236509134</Rotation>
<Translation>0.0053386034769747626 0.16555269146411034 0.11660711865207739</Translation>
</Transform>
</Instance>
<Instance name="Tarot Hub Arm Mount-8" uid="Tarot Hub Arm Mount-8" entityUid="Tarot Hub Arm Mount*:*Default">
<Transform>
<Rotation>0.92387953251128918 0 0.38268343236508406 0 -1 0 0.38268343236508406 0 -0.92387953251128918</Rotation>
<Translation>0.20595614194211975 0.16555269146411034 0.31722465711721781</Translation>
</Transform>
</Instance>
<Instance name="Tarot Hub Arm Mount-10" uid="Tarot Hub Arm Mount-10" entityUid="Tarot Hub Arm Mount*:*Default">
<Transform>
<Rotation>0.3826834323650809 0 -0.92387953251129051 0 -1 0 -0.92387953251129051 0 -0.3826834323650809</Rotation>
<Translation>0.10716761593297904 0.16555269146411034 0.11660711865207596</Translation>
</Transform>
</Instance>
<Instance name="Tarot Arm-7" uid="Tarot Arm-7" entityUid="Tarot Arm">
<Transform>
<Rotation>-0.38268343236508184 0.07309393118016777 0.9209835328701097 -9.0032148403196288e-16 -0.99686539257633699 0.079116300998121961 0.92387953251128996 0.030276497621989428 0.3814838700370774</Rotation>
<Translation>0.19581640804633266 0.36589617731510238 0.13515759601089472</Translation>
</Transform>
<Instance name="Tarot 1555 folding-1" uid="Tarot 1555 folding-1" entityUid="Tarot 1555 folding" rigid="true">
<Transform>
<Rotation>0.7585055622429222 -4.0592529337857286e-16 0.65166656508259535 -1.3877787807814457e-16 -1 -4.6837533851373792e-16 0.65166656508259524 2.8449465006019636e-16 -0.7585055622429222</Rotation>
<Translation>0.13603628937507656 0.14774696520802841 0.48182254708953731</Translation>
</Transform>
<Instance name="Prop-2" uid="Prop-2" entityUid="Prop*:*Standard">
<Transform>
<Rotation>0.024130113701715361 0 -0.99970882641534298 0 1 0 0.99970882641534287 0 0.024130113701715417</Rotation>
<Translation>-0.024901193325329918 0.00016992836734852634 0.059999999999999942</Translation>
</Transform>
</Instance>
<Instance name="socket head cap screw_iso-3" uid="socket head cap screw_iso-3" entityUid="socket head cap screw_iso*:*ISO 4762 M3 x 10 --- 10N">
<Transform>
<Rotation>0 1.0000000000000002 0 -1 0 0 0 0 1.0000000000000002</Rotation>
<Translation>0.023098806674670014 0.0081699283673485057 0.059999999999999998</Translation>
</Transform>
</Instance>
<Instance name="Center_bot-1" uid="Center_bot-1" grounded="true" entityUid="Center_bot*:*Standard">
<Transform>
<Rotation>1 0 0 0 1 0 0 0 1</Rotation>
<Translation>-0.024901193325330029 -0.005830071632651479 0.059999999999999887</Translation>
</Transform>
</Instance>
<Instance name="Prop-1" uid="Prop-1" entityUid="Prop*:*Standard">
<Transform>
<Rotation>-0.020202040938429866 0 0.99979591794621891 0 1 0 -0.9997959179462188 0 -0.020202040938429866</Rotation>
<Translation>0.023098806674670014 0.00016992836734847083 0.059999999999999942</Translation>
</Transform>
</Instance>
<Instance name="Center_top-1" uid="Center_top-1" entityUid="Center_top*:*Standard">
<Transform>
<Rotation>1 0 0 0 1 0 0 0 1</Rotation>
<Translation>-0.024901193325329918 0.0021699283673485281 0.059999999999999942</Translation>
</Transform>
</Instance>
<Instance name="socket head cap screw_iso-2" uid="socket head cap screw_iso-2" entityUid="socket head cap screw_iso*:*ISO 4762 M3 x 10 --- 10N">
<Transform>
<Rotation>0 1.0000000000000002 0 -1 0 0 0 0 1.0000000000000002</Rotation>
<Translation>-0.024901193325329918 0.0081699283673485057 0.059999999999999942</Translation>
</Transform>
</Instance>
</Instance>
<Instance name="Tarot Motor Mount-1" uid="Tarot Motor Mount-1" entityUid="Tarot Motor Mount" rigid="true">
<Transform>
<Rotation>0.99999999999999989 1.5265566588595907e-16 0 1.5265566588595902e-16 -1 4.891920202254595e-16 0 -4.891920202254596e-16 -0.99999999999999989</Rotation>
<Translation>0.13763383993369416 0.25524127788283058 0.49850919953871564</Translation>
</Transform>
<Instance name="Tarot Motor Mount Base-1" uid="Tarot Motor Mount Base-1" grounded="true" entityUid="Tarot Motor Mount Base*:*Default">
<Transform>
<Rotation>1 0 0 0 1 0 0 0 1</Rotation>
<Translation>0.036818883196412938 0.052414241042150464 0.083466912945254546</Translation>
</Transform>
</Instance>
<Instance name="Tarot Motor Mount Bottom Dampener-1" uid="Tarot Motor Mount Bottom Dampener-1" entityUid="Tarot Motor Mount Bottom Dampener*:*Default">
<Transform>
<Rotation>0.92387953251129129 0 0.38268343236507868 0 1 0 -0.38268343236507851 0 0.92387953251129129</Rotation>
<Translation>0.054568883196412898 0.058414241042150469 0.087784263742545887</Translation>
</Transform>
</Instance>
<Instance name="Tarot Motor Mount Bottom Dampener-2" uid="Tarot Motor Mount Bottom Dampener-2" entityUid="Tarot Motor Mount Bottom Dampener*:*Default">
<Transform>
<Rotation>0.92387953251128241 0 -0.38268343236510011 0 1 0 0.38268343236510011 0 0.92387953251128241</Rotation>
<Translation>0.019068883196412867 0.058414241042150469 0.087784263742545776</Translation>
</Transform>
</Instance>
<Instance name="Tarot Motor Mount Bottom Dampener-3" uid="Tarot Motor Mount Bottom Dampener-3" entityUid="Tarot Motor Mount Bottom Dampener*:*Default">
<Transform>
<Rotation>0.9238795325112823 0 -0.38268343236510066 0 1 0 0.38268343236510066 0 0.9238795325112823</Rotation>
<Translation>0.054568883196412898 0.058414241042150469 0.034784263742545951</Translation>
</Transform>
</Instance>
<Instance name="Tarot Motor Mount Top Dampener-2" uid="Tarot Motor Mount Top Dampener-2" entityUid="Tarot Motor Mount Top Dampener*:*Default">
<Transform>
<Rotation>0.92387953251128208 0 -0.38268343236510083 0 1 0 0.38268343236510094 0 0.92387953251128185</Rotation>
<Translation>0.019068883196413228 0.062789241042150459 0.08778426374254622</Translation>
</Transform>
</Instance>
<Instance name="Tarot Motor Mount Screw-3" uid="Tarot Motor Mount Screw-3" entityUid="Tarot Motor Mount Screw*:*Default">
<Transform>
<Rotation>1 0 0 0 1 0 0 0 1</Rotation>
<Translation>0.019068883196413228 0.065164241042150475 0.087784263742546109</Translation>
</Transform>
</Instance>
<Instance name="Tarot Motor Mount Top Dampener-1" uid="Tarot Motor Mount Top Dampener-1" entityUid="Tarot Motor Mount Top Dampener*:*Default">
<Transform>
<Rotation>0.92387953251128208 0 -0.38268343236510122 0 1 0 0.38268343236510122 0 0.92387953251128208</Rotation>
<Translation>0.054568883196413231 0.062789241042150459 0.087784263742545887</Translation>
</Transform>
</Instance>
<Instance name="Tarot Motor Mount Top Dampener-3" uid="Tarot Motor Mount Top Dampener-3" entityUid="Tarot Motor Mount Top Dampener*:*Default">
<Transform>
<Rotation>0.92387953251129129 0 0.38268343236507918 0 1 0 -0.38268343236507918 0 0.92387953251129129</Rotation>
<Translation>0.01906888319641295 0.062789241042150459 0.034784263742546173</Translation>
</Transform>
</Instance>
<Instance name="Tarot Motor Mount Screw-1" uid="Tarot Motor Mount Screw-1" entityUid="Tarot Motor Mount Screw*:*Default">
<Transform>
<Rotation>1 0 0 0 1 0 0 0 1</Rotation>
<Translation>0.054568883196412898 0.065164241042150475 0.034784263742546062</Translation>
</Transform>
</Instance>
<Instance name="Tarot Motor Mount Screw-4" uid="Tarot Motor Mount Screw-4" entityUid="Tarot Motor Mount Screw*:*Default">
<Transform>
<Rotation>1 0 0 0 1 0 0 0 1</Rotation>
<Translation>0.054568883196413231 0.065164241042150448 0.087784263742545998</Translation>
</Transform>
</Instance>
<Instance name="Tarot Motor Mount Screw-5" uid="Tarot Motor Mount Screw-5" entityUid="Tarot Motor Mount Screw*:*Default">
<Transform>
<Rotation>1 0 0 0 1 0 0 0 1</Rotation>
<Translation>0.019068883196412895 0.06516424104215042 0.034784263742546173</Translation>
</Transform>
</Instance>
<Instance name="Tarot Motor Mount Top Plate-1" uid="Tarot Motor Mount Top Plate-1" entityUid="Tarot Motor Mount Top Plate*:*Default">
<Transform>
<Rotation>-6.0507154842071055e-15 0 1 0 1 0 -1 0 -6.0507154842071055e-15</Rotation>
<Translation>0.036818883196413188 0.060414241042150443 0.089534263742545916</Translation>
</Transform>
</Instance>
<Instance name="Tarot Motor Mount Top Dampener-4" uid="Tarot Motor Mount Top Dampener-4" entityUid="Tarot Motor Mount Top Dampener*:*Default">
<Transform>
<Rotation>0.92387953251129129 0 0.38268343236507912 0 1 0 -0.38268343236507912 0 0.92387953251129129</Rotation>
<Translation>0.054568883196412898 0.062789241042150432 0.034784263742545951</Translation>
</Transform>
</Instance>
<Instance name="Tarot Motor Mount Bottom Dampener-4" uid="Tarot Motor Mount Bottom Dampener-4" entityUid="Tarot Motor Mount Bottom Dampener*:*Default">
<Transform>
<Rotation>-0.38268343236510055 0 -0.92387953251128252 0 1 0 0.9238795325112823 0 -0.38268343236510066</Rotation>
<Translation>0.019068883196412839 0.058414241042150469 0.034784263742546062</Translation>
</Transform>
</Instance>
</Instance>
<Instance name="Tarot Sunny Sky Motor-1" uid="Tarot Sunny Sky Motor-1" entityUid="Tarot Sunny Sky Motor">
<Transform>
<Rotation>-0.83716910433122238 0 -0.54694413860398849 0 -0.99999999999999989 0 -0.54694413860398861 0 0.83716910433122227</Rotation>
<Translation>0.21149384795933962 0.21454167046505815 0.42064106611633278</Translation>
</Transform>
<Instance name="Tarot Sunny Sky Motor Bottom-1" uid="Tarot Sunny Sky Motor Bottom-1" grounded="true" entityUid="Tarot Sunny Sky Motor Bottom*:*Default">
<Transform>
<Rotation>1 0 0 0 1 0 0 0 1</Rotation>
<Translation>0.022759651187856389 0.026714633624377981 0.032887175782364997</Translation>
</Transform>
</Instance>
<Instance name="Tarot Sunny Sky Motor Top-1" uid="Tarot Sunny Sky Motor Top-1" entityUid="Tarot Sunny Sky Motor Top*:*Default">
<Transform>
<Rotation>0.20250216642962668 0 0.97928181469447684 0 0.99999999999999989 0 -0.97928181469447684 0 0.20250216642962687</Rotation>
<Translation>0.022759651188323127 0.026714633624400214 0.032887175782412126</Translation>
</Transform>
</Instance>
</Instance>
<Instance name="Tarot Main Arm-1" uid="Tarot Main Arm-1" grounded="true" entityUid="Tarot Main Arm*:*Default">
<Transform>
<Rotation>1 0 0 0 1 0 0 0 1</Rotation>
<Translation>0.17445272313010704 0.20282703684068018 0.23279228659346102</Translation>
</Transform>
</Instance>
</Instance>
<Instance name="Tarot Hub Arm Mount-18" uid="Tarot Hub Arm Mount-18" entityUid="Tarot Hub Arm Mount*:*Default">
<Transform>
<Rotation>0.38268343236507707 0 -0.92387953251129207 0 -1 0 -0.92387953251129207 0 -0.38268343236507707</Rotation>
<Translation>0.12610714634946049 0.16555269146411034 0.12445212901556006</Translation>
</Transform>
</Instance>
<Instance name="Tarot Hub Arm Mount-4" uid="Tarot Hub Arm Mount-4" entityUid="Tarot Hub Arm Mount*:*Default">
<Transform>
<Rotation>-0.92387953251128663 0 -0.38268343236509056 0 -1 0 -0.38268343236509056 0 0.92387953251128663</Rotation>
<Translation>-0.09344992253216175 0.16555269146411034 0.21539564466121525</Translation>
</Transform>
</Instance>
<Instance name="Tarot Arm-8" uid="Tarot Arm-8" entityUid="Tarot Arm">
<Transform>
<Rotation>0.38268343236509922 0.073093931180166508 0.92098353287010259 -9.0032148403196288e-16 -0.99686539257633699 0.079116300998121961 0.92387953251128274 -0.030276497621992485 -0.38148387003709483</Rotation>
<Translation>0.062200403442508434 0.36589617731510238 0.074885135302881989</Translation>
</Transform>
<Instance name="Tarot Motor Mount-1" uid="Tarot Motor Mount-1" entityUid="Tarot Motor Mount" rigid="true">
<Transform>
<Rotation>1 1.4224732503009818e-16 0 1.4224732503009821e-16 -0.99999999999999989 5.0480453150925086e-16 0 -5.0480453150925086e-16 -0.99999999999999989</Rotation>
<Translation>0.13763383993369413 0.25524127788283052 0.4985091995387157</Translation>
</Transform>
<Instance name="Tarot Motor Mount Base-1" uid="Tarot Motor Mount Base-1" grounded="true" entityUid="Tarot Motor Mount Base*:*Default">
<Transform>
<Rotation>1 0 0 0 1 0 0 0 1</Rotation>
